50 8 212
113 12 2 3 2 103 114 23 314 130 105 3 15 120 5 13 4 11 115 112 4 103 3 11 105 10 202 24 3 115 43 113 22 113 3 202 2 3 202 12 115 23 2 223 113 4 13 15 3 101
1 2
1 28
1 31
1 38
1 40
1 43
2 26
2 28
2 31
2 32
2 38
2 39
2 40
2 41
2 43
3 4
3 14
3 15
3 24
3 27
3 36
3 50
4 14
4 15
4 24
4 27
4 50
5 6
5 13
5 17
5 20
5 22
5 23
5 42
5 48
6 10
6 13
6 17
6 19
6 22
6 23
6 35
6 37
6 42
7 41
8 12
8 30
8 46
9 15
9 18
9 21
9 29
9 32
9 33
9 39
9 44
9 45
10 13
10 17
10 19
10 35
10 37
10 42
11 14
11 27
11 36
12 30
12 46
13 17
13 22
13 23
13 35
13 42
14 15
14 18
14 24
14 25
14 27
14 29
14 36
14 45
14 50
15 18
15 21
15 24
15 25
15 27
15 29
15 32
15 33
15 39
15 44
15 45
15 50
16 21
16 28
16 31
16 32
16 38
16 39
16 40
16 43
16 47
16 49
17 19
17 22
17 23
17 35
17 37
17 42
18 21
18 25
18 27
18 29
18 32
18 33
18 39
18 44
18 45
19 35
19 37
20 22
20 23
20 34
20 48
21 28
21 29
21 31
21 32
21 33
21 38
21 39
21 40
21 43
21 44
21 45
21 47
21 49
22 23
23 34
23 48
24 27
24 36
24 50
25 27
25 29
25 45
26 31
26 38
26 41
27 29
27 36
27 45
27 50
28 31
28 32
28 38
28 39
28 40
28 43
28 47
28 49
29 32
29 33
29 39
29 40
29 43
29 44
29 45
30 46
31 32
31 38
31 39
31 40
31 41
31 43
31 47
32 33
32 38
32 39
32 40
32 43
32 44
32 45
32 47
32 49
33 39
33 40
33 44
33 45
35 37
35 42
36 50
38 39
38 40
38 41
38 43
38 47
38 49
39 40
39 43
39 44
39 45
39 47
39 49
40 43
40 47
40 49
43 47
43 49
44 45
47 49
