60 8 148
13 105 5 112 104 4 12 14 3 15 12 14 5 22 125 115 111 103 102 202 34 25 123 213 12 30 3 113 12 23 206 127 122 2 123 11 112 26 2 2 22 114 3 17 110 103 4 22 25 12 5 102 111 104 2 16 13 13 3 5
1 2
1 3
1 4
1 5
1 9
1 12
1 21
1 25
1 37
1 41
1 47
2 3
2 4
2 9
2 18
2 25
2 41
2 52
2 59
3 4
3 5
3 9
3 11
3 12
3 13
3 20
3 21
3 32
3 37
4 5
4 9
4 12
4 21
4 37
4 42
4 53
5 6
5 8
5 12
5 17
5 19
5 21
5 23
5 26
5 40
5 42
5 53
5 55
6 7
6 8
6 10
6 17
6 19
6 26
6 35
6 38
6 40
6 55
7 10
7 22
7 27
7 28
7 29
7 35
7 45
8 17
8 19
8 23
8 26
8 38
8 40
8 46
8 55
9 25
9 41
10 14
10 15
10 16
10 24
10 28
10 30
10 31
10 35
10 36
10 45
10 48
11 13
11 20
11 32
11 34
11 56
12 21
12 39
12 42
12 53
13 20
13 32
14 15
14 16
14 24
15 16
15 24
15 33
16 24
16 30
16 31
16 36
16 48
16 57
17 19
17 26
17 40
17 51
17 55
18 52
18 59
19 23
19 26
19 38
19 40
19 55
20 32
20 34
20 56
21 37
22 27
24 48
24 57
25 41
26 38
26 40
26 51
26 55
28 45
29 60
31 36
31 44
31 49
34 58
35 50
36 43
37 47
40 51
40 55
42 53
48 57
51 54
52 59
