50 8 280
102 121 104 102 113 4 3 24 11 2 15 14 14 26 2 24 36 22 32 45 36 33 15 23 105 202 123 2 3 4 202 5 35 3 25 110 32 5 2 125 33 3 213 103 11 112 12 11 104 2
1 4
1 5
1 11
1 12
1 18
1 31
1 37
1 40
1 45
1 50
2 3
2 7
2 9
2 11
2 15
2 19
2 21
2 25
2 30
2 35
2 40
3 9
3 19
3 20
3 23
3 24
3 26
3 29
3 35
3 37
3 39
3 44
3 47
4 9
4 14
4 16
4 18
4 21
4 23
4 24
4 25
4 28
4 29
4 30
4 49
5 7
5 10
5 11
5 12
5 14
5 20
5 27
5 28
5 30
5 32
5 35
5 36
5 37
5 39
5 40
5 46
5 49
6 28
6 29
6 36
6 39
6 40
6 50
7 12
7 13
7 16
7 27
7 31
7 38
7 40
7 42
7 44
8 12
8 18
8 21
8 26
8 28
8 30
8 45
9 11
9 15
9 16
9 19
9 25
9 26
9 41
9 42
9 43
10 11
10 13
10 14
10 15
10 16
10 17
10 28
10 30
10 32
10 36
10 39
10 41
10 45
11 12
11 22
11 29
11 34
11 40
11 44
11 45
12 20
12 21
12 24
12 36
12 46
12 50
13 14
13 30
13 35
13 38
13 43
14 16
14 18
14 19
14 20
14 26
14 31
14 32
14 36
14 37
14 46
14 47
14 49
15 29
15 31
15 35
15 37
15 38
15 39
15 46
15 47
15 49
16 26
16 34
16 36
16 38
16 41
16 46
16 47
16 50
17 18
17 24
17 27
17 31
17 32
17 34
17 42
17 45
17 48
18 19
18 30
18 32
18 33
18 34
18 35
18 36
18 37
18 38
18 44
19 20
19 28
19 33
19 35
19 37
19 43
19 44
19 46
20 28
20 44
20 48
21 25
21 30
21 33
21 40
22 23
22 24
22 31
22 40
22 43
22 46
22 50
23 25
23 30
23 32
23 38
23 44
23 46
23 48
24 28
24 40
24 49
25 29
25 33
25 47
26 31
26 34
26 43
26 47
27 28
27 31
27 44
27 45
27 47
28 38
29 31
29 36
29 38
29 42
29 49
30 33
30 34
30 35
30 38
30 45
30 46
30 48
30 50
31 34
31 41
31 43
31 46
32 33
32 34
32 36
32 40
32 47
33 35
33 36
33 37
33 40
33 43
33 47
33 49
33 50
34 36
34 39
34 41
34 47
34 48
35 37
35 39
35 42
35 47
35 48
36 49
36 50
37 46
37 49
37 50
38 45
39 43
39 48
39 50
40 41
40 48
40 50
41 43
41 46
42 43
42 46
42 47
44 45
44 46
45 46
45 49
46 47
46 50
