50 8 223
13 4 112 103 13 6 206 101 3 15 101 13 101 12 202 33 11 23 14 123 102 402 2 13 14 7 103 11 3 12 110 34 23 122 103 13 12 115 14 33 120 14 19 102 13 12 14 202 11 12
1 2
1 4
1 8
1 10
1 22
1 45
1 48
2 4
2 8
2 9
2 10
2 12
2 20
2 22
2 23
2 32
2 39
2 45
2 46
2 48
2 49
3 11
3 13
3 15
3 16
3 17
3 19
3 21
3 25
3 31
3 33
3 35
3 36
3 37
3 38
3 42
3 47
3 50
4 8
4 10
4 22
4 32
4 45
4 48
5 6
5 16
5 18
5 26
5 28
5 34
5 35
5 41
5 42
5 43
5 44
6 18
6 26
6 28
6 34
6 35
6 41
6 42
6 43
6 44
7 24
7 40
7 41
7 44
8 10
8 20
8 22
8 32
8 45
8 48
9 12
9 20
9 23
9 27
9 39
9 46
9 49
10 14
10 22
10 24
10 40
10 45
10 48
11 13
11 15
11 16
11 17
11 25
11 35
11 36
11 37
11 38
11 42
11 47
12 20
12 23
12 27
12 39
12 46
12 49
13 15
13 17
13 19
13 21
13 29
13 31
13 33
13 36
13 47
13 50
14 24
14 40
14 45
15 16
15 17
15 19
15 25
15 31
15 33
15 35
15 36
15 37
15 38
15 42
15 47
16 26
16 28
16 35
16 36
16 38
16 42
16 43
16 47
17 19
17 21
17 31
17 33
17 36
17 47
17 50
18 26
18 28
18 35
18 42
18 43
19 36
20 23
20 27
20 39
20 46
20 49
21 29
21 31
21 36
21 50
22 45
22 48
23 27
23 46
23 49
24 30
24 34
24 40
24 41
24 44
24 45
25 36
25 37
25 38
25 47
26 28
26 35
26 42
26 43
27 49
28 30
28 34
28 35
28 41
28 42
28 43
28 44
29 31
29 50
30 34
30 41
30 44
31 33
31 36
31 50
32 45
33 36
34 41
34 44
35 36
35 38
35 42
35 43
35 47
36 37
36 38
36 42
36 47
37 38
37 42
37 47
38 42
38 47
39 46
39 49
40 41
40 44
40 45
41 44
42 43
42 47
43 47
45 48
46 49
